  -74.6706452216
  933.1676624021
  435.0313868275
  272.2000713624
  192.6379108691
  145.9425522646
  115.4239250095
   94.0179960609
   78.2467109563
   66.2066728449
   56.7689396129
   49.2195606088
   43.0830095654
   38.0289893520
   33.8201489716
   30.2811670725
   27.2796152348
   24.7136329018
   22.5037100815
   20.5870392521
   18.9135254915
   17.4428971130
   16.1425661093
   14.9860129514
   13.9515476541
   13.0213474700
   12.1807022745
   11.4174185050
   10.7213456353
   10.0839981584
    9.4982524658
    8.9581027341
    8.4584635008
    7.9950093516
    7.5640442542
    7.1623947036
    6.7873220991
    6.4364507352
    6.1077085304
    5.7992781804
    5.5095568701
    5.2371230175
    4.9807088011
    4.7391774415
    4.5115043899
    4.2967617217
    4.0941051615
    3.9027632639
    3.7220283612
    3.5512489615
    3.3898233369
    3.2371940897
    3.0928435255
    2.9562896934
    2.8270829780
    2.7048031517
    2.5890568116
    2.4794751376
    2.3757119228
    2.2774418325
    2.1843588583
    2.0961749375
    2.0126187151
    1.9334344271
    1.8583808883
    1.7872305718
    1.7197687665
    1.6557928036
    1.5951113433
    1.5375437146
    1.4829193016
    1.4310769720
    1.3818645428
    1.3351382796
    1.2907624265
    1.2486087640
    1.2085561920
    1.1704903364
    1.1343031787
    1.0998927040
    1.0671625696
    1.0360217914
    1.0063844461
    0.9781693907
    0.9512999960
    0.9257038955
    0.9013127467
    0.8780620063
    0.8558907172
    0.8347413068
    0.8145593975
    0.7952936265
    0.7768954761
    0.7593191136
    0.7425212400
    0.7264609473
    0.7110995836
    0.6964006263
    0.6823295621
    0.6688537743
    0.6559424357
    0.6435664088
    0.6316981506
    0.6203116235
    0.6093822112
    0.5988866393
    0.5888029001
    0.5791101828
    0.5697888063
    0.5608201567
    0.5521866281
    0.5438715670
    0.5358592190
    0.5281346800
    0.5206838485
    0.5134933816
    0.5065506534
    0.4998437154
    0.4933612590
    0.4870925808
    0.4810275488
    0.4751565714
    0.4694705677
    0.4639609391
    0.4586195433
    0.4534386689
    0.4484110120
    0.4435296535
    0.4387880384
    0.4341799553
    0.4296995180
    0.4253411473
    0.4210995545
    0.4169697250
    0.4129469036
    0.4090265798
    0.4052044751
    0.4014765295
    0.3978388900
    0.3942878988
    0.3908200831
    0.3874321445
    0.3841209498
    0.3808835217
    0.3777170302
    0.3746187850
    0.3715862273
    0.3686169231
    0.3657085561
    0.3628589215
    0.3600659199
    0.3573275514
    0.3546419106
    0.3520071812
    0.3494216315
    0.3468836096
    0.3443915393
    0.3419439158
    0.3395393026
    0.3371763271
    0.3348536778
    0.3325701006
    0.3303243965
    0.3281154181
    0.3259420671
    0.3238032921
    0.3216980859
    0.3196254833
    0.3175845588
    0.3155744253
    0.3135942311
    0.3116431592
    0.3097204250
    0.3078252746
    0.3059569839
    0.3041148566
    0.3022982231
    0.3005064392
    0.2987388849
    0.2969949633
    0.2952740994
    0.2935757392
    0.2918993486
    0.2902444129
    0.2886104353
    0.2869969364
    0.2854034538
    0.2838295405
    0.2822747650
    0.2807387104
    0.2792209733
    0.2777211641
    0.2762389056
    0.2747738330
    0.2733255930
    0.2718938436
    0.2704782538
    0.2690785024
    0.2676942784
    0.2663252803
    0.2649712156
    0.2636318006
    0.2623067600
    0.2609958265
    0.2596987406
    0.2584152503
    0.2571451108
    0.2558880841
    0.2546439388
    0.2534124501
    0.2521933991
    0.2509865731
    0.2497917648
    0.2486087727
    0.2474374003
    0.2462774565
    0.2451287550
    0.2439911142
    0.2428643571
    0.2417483113
    0.2406428084
    0.2395476844
    0.2384627791
    0.2373879362
    0.2363230032
    0.2352678309
    0.2342222741
    0.2331861904
    0.2321594410
    0.2311418903
    0.2301334053
    0.2291338565
    0.2281431170
    0.2271610625
    0.2261875716
    0.2252225255
    0.2242658078
    0.2233173047
    0.2223769044
    0.2214444979
    0.2205199780
    0.2196032399
    0.2186941807
    0.2177926999
    0.2168986985
    0.2160120797
    0.2151327485
    0.2142606118
    0.2133955782
    0.2125375579
    0.2116864629
    0.2108422068
    0.2100047047
    0.2091738734
    0.2083496310
    0.2075318972
    0.2067205931
    0.2059156411
    0.2051169650
    0.2043244899
    0.2035381422
    0.2027578496
    0.2019835409
    0.2012151462
    0.2004525967
    0.1996958247
    0.1989447636
    0.1981993481
    0.1974595137
    0.1967251969
    0.1959963355
    0.1952728681
    0.1945547341
    0.1938418742
    0.1931342298
    0.1924317433
    0.1917343578
    0.1910420174
    0.1903546671
    0.1896722527
    0.1889947206
    0.1883220184
    0.1876540941
    0.1869908967
    0.1863323758
    0.1856784818
    0.1850291658
    0.1843843796
    0.1837440757
    0.1831082074
    0.1824767284
    0.1818495933
    0.1812267572
    0.1806081758
    0.1799938056
    0.1793836035
    0.1787775271
    0.1781755345
    0.1775775846
    0.1769836365
    0.1763936502
    0.1758075860
    0.1752254048
    0.1746470682
    0.1740725380
    0.1735017767
    0.1729347473
    0.1723714133
    0.1718117385
    0.1712556874
    0.1707032248
    0.1701543161
    0.1696089270
    0.1690670237
    0.1685285729
    0.1679935417
    0.1674618975
    0.1669336082
    0.1664086423
    0.1658869683
    0.1653685553
    0.1648533730
    0.1643413911
    0.1638325798
    0.1633269099
    0.1628243523
    0.1623248782
    0.1618284595
    0.1613350682
    0.1608446765
    0.1603572573
    0.1598727836
    0.1593912287
    0.1589125663
    0.1584367705
    0.1579638155
    0.1574936760
    0.1570263270
    0.1565617435
    0.1560999012
    0.1556407759
    0.1551843435
    0.1547305806
    0.1542794637
    0.1538309698
    0.1533850761
    0.1529417599
    0.1525009991
    0.1520627715
    0.1516270554
    0.1511938292
    0.1507630718
    0.1503347619
    0.1499088789
    0.1494854022
    0.1490643113
    0.1486455862
    0.1482292071
    0.1478151542
    0.1474034081
    0.1469939496
    0.1465867597
    0.1461818196
    0.1457791106
    0.1453786144
    0.1449803128
    0.1445841877
    0.1441902215
    0.1437983965
    0.1434086953
    0.1430211006
    0.1426355955
    0.1422521631
    0.1418707867
    0.1414914498
    0.1411141360
    0.1407388294
    0.1403655138
    0.1399941735
    0.1396247928
    0.1392573563
    0.1388918487
    0.1385282547
    0.1381665595
    0.1378067482
    0.1374488060
    0.1370927185
    0.1367384714
    0.1363860503
    0.1360354411
    0.1356866300
    0.1353396032
    0.1349943469
    0.1346508477
    0.1343090922
    0.1339690671
    0.1336307594
    0.1332941560
    0.1329592442
    0.1326260111
    0.1322944442
    0.1319645311
    0.1316362593
    0.1313096168
    0.1309845913
    0.1306611709
    0.1303393437
    0.1300190980
    0.1297004222
    0.1293833047
    0.1290677341
    0.1287536992
    0.1284411888
    0.1281301918
    0.1278206972
    0.1275126941
    0.1272061719
    0.1269011198
    0.1265975273
    0.1262953840
    0.1259946794
    0.1256954034
    0.1253975458
    0.1251010965
    0.1248060456
    0.1245123832
    0.1242200995
    0.1239291848
    0.1236396296
    0.1233514243
    0.1230645594
    0.1227790258
    0.1224948141
    0.1222119152
    0.1219303199
    0.1216500194
    0.1213710046
    0.1210932669
    0.1208167973
    0.1205415873
    0.1202676283
    0.1199949117
    0.1197234292
    0.1194531723
    0.1191841328
    0.1189163025
    0.1186496732
    0.1183842369
    0.1181199856
    0.1178569114
    0.1175950064
