  -27.0468648587
  449.4953807758
  212.0465195273
  133.5639270810
   94.8639083715
   72.0593436989
   57.1679853895
   46.7623749362
   39.1287843491
   33.3175619152
   28.7618648617
   25.1038391432
   22.1074844262
   19.6115875785
   17.5027416782
   15.6991325248
   14.1404200913
   12.7812218863
   11.5868000992
   10.5301375408
    9.5899123584
    8.7490687669
    7.9937918145
    7.3127613386
    6.6966019807
    6.1374727559
    5.6287571185
    5.1648261709
    4.7408556638
    4.3526829750
    3.9966941316
    3.6697336631
    3.3690320050
    3.0921465428
    2.8369133705
    2.6014075464
    2.3839101482
    2.1828808078
    1.9969346929
    1.8248231177
    1.6654171282
    1.5176935372
    1.3807229838
    1.2536596724
    1.1357325096
    1.0262374087
    0.9245305735
    0.8300226071
    0.7421733180
    0.6604871204
    0.5845089413
    0.5138205639
    0.4480373491
    0.3868052856
    0.3297983279
    0.2767159886
    0.2272811555
    0.1812381100
    0.1383507243
    0.0984008211
    0.0611866783
    0.0265216661
   -0.0057669962
   -0.0358393748
   -0.0638438566
   -0.0899180948
   -0.1141898717
   -0.1367778863
   -0.1577924746
   -0.1773362660
   -0.1955047840
   -0.2123869943
   -0.2280658063
   -0.2426185309
   -0.2561172999
   -0.2686294489
   -0.2802178690
   -0.2909413275
   -0.3008547640
   -0.3100095598
   -0.3184537874
   -0.3262324391
   -0.3333876368
   -0.3399588268
   -0.3459829585
   -0.3514946499
   -0.3565263410
   -0.3611084349
   -0.3652694304
   -0.3690360435
   -0.3724333214
   -0.3754847482
   -0.3782123439
   -0.3806367562
   -0.3827773465
   -0.3846522707
   -0.3862785542
   -0.3876721622
   -0.3888480662
   -0.3898203057
   -0.3906020461
   -0.3912056333
   -0.3916426449
   -0.3919239383
   -0.3920596952
   -0.3920594645
   -0.3919322018
   -0.3916863066
   -0.3913296572
   -0.3908696438
   -0.3903131992
   -0.3896668275
   -0.3889366316
   -0.3881283382
   -0.3872473222
   -0.3862986284
   -0.3852869927
   -0.3842168620
   -0.3830924120
   -0.3819175648
   -0.3806960050
   -0.3794311943
   -0.3781263863
   -0.3767846388
   -0.3754088270
   -0.3740016544
   -0.3725656636
   -0.3711032468
   -0.3696166547
   -0.3681080053
   -0.3665792926
   -0.3650323936
   -0.3634690759
   -0.3618910042
   -0.3602997464
   -0.3586967798
   -0.3570834961
   -0.3554612068
   -0.3538311477
   -0.3521944837
   -0.3505523124
   -0.3489056684
   -0.3472555267
   -0.3456028062
   -0.3439483728
   -0.3422930424
   -0.3406375836
   -0.3389827204
   -0.3373291344
   -0.3356774674
   -0.3340283233
   -0.3323822703
   -0.3307398425
   -0.3291015421
   -0.3274678404
   -0.3258391801
   -0.3242159764
   -0.3225986183
   -0.3209874702
   -0.3193828728
   -0.3177851446
   -0.3161945829
   -0.3146114647
   -0.3130360478
   -0.3114685718
   -0.3099092588
   -0.3083583145
   -0.3068159289
   -0.3052822770
   -0.3037575194
   -0.3022418034
   -0.3007352634
   -0.2992380213
   -0.2977501877
   -0.2962718618
   -0.2948031325
   -0.2933440786
   -0.2918947694
   -0.2904552651
   -0.2890256173
   -0.2876058698
   -0.2861960581
   -0.2847962110
   -0.2834063498
   -0.2820264895
   -0.2806566390
   -0.2792968011
   -0.2779469731
   -0.2766071471
   -0.2752773101
   -0.2739574446
   -0.2726475285
   -0.2713475357
   -0.2700574363
   -0.2687771964
   -0.2675067789
   -0.2662461435
   -0.2649952469
   -0.2637540427
   -0.2625224823
   -0.2613005143
   -0.2600880853
   -0.2588851396
   -0.2576916196
   -0.2565074660
   -0.2553326178
   -0.2541670123
   -0.2530105856
   -0.2518632726
   -0.2507250069
   -0.2495957210
   -0.2484753466
   -0.2473638146
   -0.2462610550
   -0.2451669974
   -0.2440815705
   -0.2430047028
   -0.2419363222
   -0.2408763565
   -0.2398247331
   -0.2387813790
   -0.2377462215
   -0.2367191874
   -0.2357002037
   -0.2346891975
   -0.2336860957
   -0.2326908254
   -0.2317033141
   -0.2307234892
   -0.2297512785
   -0.2287866100
   -0.2278294121
   -0.2268796132
   -0.2259371425
   -0.2250019294
   -0.2240739036
   -0.2231529954
   -0.2222391355
   -0.2213322548
   -0.2204322852
   -0.2195391588
   -0.2186528081
   -0.2177731663
   -0.2169001671
   -0.2160337449
   -0.2151738344
   -0.2143203710
   -0.2134732907
   -0.2126325299
   -0.2117980259
   -0.2109697164
   -0.2101475397
   -0.2093314347
   -0.2085213409
   -0.2077171984
   -0.2069189481
   -0.2061265312
   -0.2053398896
   -0.2045589660
   -0.2037837034
   -0.2030140457
   -0.2022499371
   -0.2014913228
   -0.2007381481
   -0.1999903593
   -0.1992479032
   -0.1985107270
   -0.1977787787
   -0.1970520068
   -0.1963303604
   -0.1956137891
   -0.1949022432
   -0.1941956734
   -0.1934940312
   -0.1927972684
   -0.1921053374
   -0.1914181914
   -0.1907357838
   -0.1900580687
   -0.1893850008
   -0.1887165351
   -0.1880526274
   -0.1873932337
   -0.1867383109
   -0.1860878159
   -0.1854417067
   -0.1847999412
   -0.1841624782
   -0.1835292768
   -0.1829002966
   -0.1822754977
   -0.1816548406
   -0.1810382864
   -0.1804257965
   -0.1798173327
   -0.1792128575
   -0.1786123337
   -0.1780157243
   -0.1774229931
   -0.1768341042
   -0.1762490219
   -0.1756677112
   -0.1750901373
   -0.1745162660
   -0.1739460633
   -0.1733794956
   -0.1728165299
   -0.1722571333
   -0.1717012734
   -0.1711489183
   -0.1706000362
   -0.1700545958
   -0.1695125662
   -0.1689739168
   -0.1684386173
   -0.1679066378
   -0.1673779487
   -0.1668525207
   -0.1663303250
   -0.1658113329
   -0.1652955162
   -0.1647828468
   -0.1642732972
   -0.1637668399
   -0.1632634480
   -0.1627630946
   -0.1622657534
   -0.1617713981
   -0.1612800029
   -0.1607915422
   -0.1603059906
   -0.1598233232
   -0.1593435151
   -0.1588665418
   -0.1583923792
   -0.1579210033
   -0.1574523902
   -0.1569865167
   -0.1565233594
   -0.1560628954
   -0.1556051021
   -0.1551499568
   -0.1546974375
   -0.1542475220
   -0.1538001887
   -0.1533554160
   -0.1529131826
   -0.1524734674
   -0.1520362495
   -0.1516015084
   -0.1511692236
   -0.1507393749
   -0.1503119422
   -0.1498869058
   -0.1494642462
   -0.1490439438
   -0.1486259796
   -0.1482103346
   -0.1477969899
   -0.1473859270
   -0.1469771274
   -0.1465705730
   -0.1461662457
   -0.1457641277
   -0.1453642013
   -0.1449664490
   -0.1445708535
   -0.1441773977
   -0.1437860646
   -0.1433968374
   -0.1430096996
   -0.1426246347
   -0.1422416263
   -0.1418606583
   -0.1414817149
   -0.1411047801
   -0.1407298384
   -0.1403568743
   -0.1399858724
   -0.1396168175
   -0.1392496946
   -0.1388844888
   -0.1385211854
   -0.1381597698
   -0.1378002275
   -0.1374425442
   -0.1370867058
   -0.1367326983
   -0.1363805076
   -0.1360301202
   -0.1356815223
   -0.1353347004
   -0.1349896413
   -0.1346463316
   -0.1343047583
   -0.1339649084
   -0.1336267690
   -0.1332903274
   -0.1329555710
   -0.1326224873
   -0.1322910640
   -0.1319612887
   -0.1316331494
   -0.1313066340
   -0.1309817307
   -0.1306584277
   -0.1303367132
   -0.1300165757
   -0.1296980037
   -0.1293809859
   -0.1290655111
   -0.1287515680
   -0.1284391458
   -0.1281282333
   -0.1278188199
   -0.1275108947
   -0.1272044472
   -0.1268994668
   -0.1265959431
   -0.1262938657
   -0.1259932243
   -0.1256940090
   -0.1253962095
   -0.1250998160
   -0.1248048185
   -0.1245112073
   -0.1242189727
   -0.1239281051
   -0.1236385950
   -0.1233504329
   -0.1230636095
   -0.1227781155
   -0.1224939418
   -0.1222110793
   -0.1219295190
   -0.1216492518
   -0.1213702691
   -0.1210925620
   -0.1208161218
   -0.1205409399
   -0.1202670078
   -0.1199943170
   -0.1197228591
   -0.1194526258
   -0.1191836090
   -0.1189158003
   -0.1186491917
   -0.1183837752
   -0.1181195429
   -0.1178564868
   -0.1175945992
