  -35.1393919661
  547.4640721845
  257.5832209818
  162.0241815390
  115.0517980065
   87.4454278294
   69.4451412308
   56.8687141973
   47.6321600179
   40.5859251491
   35.0475141506
   30.5883557605
   26.9270689980
   23.8720046632
   21.2884913445
   19.0792870931
   17.1724654340
   15.5136665912
   14.0610034408
   12.7816312956
   11.6493880351
   10.6431385468
    9.7455919177
    8.9424417182
    8.2217308875
    7.5733753584
    6.9888016936
    6.4606678857
    5.9826456937
    5.5492491105
    5.1556978120
    4.7978074037
    4.4719003834
    4.1747332532
    3.9034363260
    3.6554635917
    3.4285506241
    3.2206789730
    3.0300458338
    2.8550380537
    2.6942097336
    2.5462628380
    2.4100303418
    2.2844615326
    2.1686091552
    2.0616181403
    1.9627157003
    1.8712026088
    1.7864455091
    1.7078701178
    1.6349552091
    1.5672272809
    1.5042558164
    1.4456490680
    1.3910502985
    1.3401344233
    1.2926050066
    1.2481915679
    1.2066471632
    1.1677462095
    1.1312825244
    1.0970675574
    1.0649287918
    1.0347082996
    1.0062614325
    0.9794556359
    0.9541693738
    0.9302911520
    0.9077186330
    0.8863578304
    0.8661223786
    0.8469328676
    0.8287162397
    0.8114052404
    0.7949379192
    0.7792571760
    0.7643103478
    0.7500488338
    0.7364277533
    0.7234056349
    0.7109441332
    0.6990077714
    0.6875637059
    0.6765815123
    0.6660329901
    0.6558919847
    0.6461342242
    0.6367371710
    0.6276798859
    0.6189429034
    0.6105081180
    0.6023586798
    0.5944788985
    0.5868541559
    0.5794708250
    0.5723161958
    0.5653784071
    0.5586463835
    0.5521097780
    0.5457589181
    0.5395847570
    0.5335788281
    0.5277332031
    0.5220404532
    0.5164936136
    0.5110861500
    0.5058119286
    0.5006651873
    0.4956405098
    0.4907328013
    0.4859372663
    0.4812493875
    0.4766649067
    0.4721798073
    0.4677902972
    0.4634927944
    0.4592839120
    0.4551604455
    0.4511193607
    0.4471577824
    0.4432729837
    0.4394623767
    0.4357235034
    0.4320540273
    0.4284517258
    0.4249144827
    0.4214402822
    0.4180272022
    0.4146734088
    0.4113771506
    0.4081367546
    0.4049506206
    0.4018172176
    0.3987350796
    0.3957028020
    0.3927190379
    0.3897824950
    0.3868919329
    0.3840461598
    0.3812440304
    0.3784844430
    0.3757663374
    0.3730886930
    0.3704505265
    0.3678508901
    0.3652888698
    0.3627635837
    0.3602741806
    0.3578198385
    0.3553997629
    0.3530131861
    0.3506593656
    0.3483375831
    0.3460471432
    0.3437873728
    0.3415576200
    0.3393572529
    0.3371856591
    0.3350422446
    0.3329264336
    0.3308376669
    0.3287754020
    0.3267391120
    0.3247282853
    0.3227424245
    0.3207810466
    0.3188436816
    0.3169298728
    0.3150391758
    0.3131711581
    0.3113253990
    0.3095014886
    0.3076990281
    0.3059176287
    0.3041569120
    0.3024165088
    0.3006960596
    0.2989952137
    0.2973136291
    0.2956509722
    0.2940069176
    0.2923811477
    0.2907733525
    0.2891832294
    0.2876104828
    0.2860548241
    0.2845159713
    0.2829936490
    0.2814875880
    0.2799975251
    0.2785232030
    0.2770643704
    0.2756207810
    0.2741921945
    0.2727783754
    0.2713790934
    0.2699941231
    0.2686232440
    0.2672662401
    0.2659229001
    0.2645930168
    0.2632763877
    0.2619728140
    0.2606821014
    0.2594040591
    0.2581385004
    0.2568852423
    0.2556441054
    0.2544149139
    0.2531974953
    0.2519916806
    0.2507973040
    0.2496142029
    0.2484422179
    0.2472811925
    0.2461309733
    0.2449914097
    0.2438623538
    0.2427436607
    0.2416351881
    0.2405367962
    0.2394483478
    0.2383697084
    0.2373007456
    0.2362413298
    0.2351913332
    0.2341506308
    0.2331190995
    0.2320966184
    0.2310830689
    0.2300783344
    0.2290823001
    0.2280948536
    0.2271158842
    0.2261452830
    0.2251829431
    0.2242287596
    0.2232826290
    0.2223444498
    0.2214141221
    0.2204915477
    0.2195766301
    0.2186692744
    0.2177693870
    0.2168768762
    0.2159916516
    0.2151136243
    0.2142427069
    0.2133788134
    0.2125218590
    0.2116717605
    0.2108284360
    0.2099918048
    0.2091617875
    0.2083383060
    0.2075212834
    0.2067106439
    0.2059063131
    0.2051082175
    0.2043162851
    0.2035304445
    0.2027506259
    0.2019767602
    0.2012087795
    0.2004466170
    0.1996902068
    0.1989394840
    0.1981943847
    0.1974548460
    0.1967208057
    0.1959922029
    0.1952689774
    0.1945510697
    0.1938384215
    0.1931309753
    0.1924286742
    0.1917314623
    0.1910392844
    0.1903520864
    0.1896698146
    0.1889924162
    0.1883198393
    0.1876520324
    0.1869889451
    0.1863305275
    0.1856767305
    0.1850275055
    0.1843828048
    0.1837425813
    0.1831067884
    0.1824753803
    0.1818483119
    0.1812255386
    0.1806070163
    0.1799927017
    0.1793825520
    0.1787765250
    0.1781745790
    0.1775766731
    0.1769827665
    0.1763928193
    0.1758067922
    0.1752246460
    0.1746463425
    0.1740718436
    0.1735011120
    0.1729341108
    0.1723708034
    0.1718111539
    0.1712551267
    0.1707026869
    0.1701537998
    0.1696084313
    0.1690665476
    0.1685281154
    0.1679931019
    0.1674614746
    0.1669332015
    0.1664082509
    0.1658865915
    0.1653681926
    0.1648530236
    0.1643410545
    0.1638322555
    0.1633265973
    0.1628240509
    0.1623245876
    0.1618281792
    0.1613347977
    0.1608444156
    0.1603570055
    0.1598725405
    0.1593909940
    0.1589123398
    0.1584365517
    0.1579636042
    0.1574934720
    0.1570261299
    0.1565615531
    0.1560997173
    0.1556405981
    0.1551841718
    0.1547304147
    0.1542793035
    0.1538308150
    0.1533849265
    0.1529416154
    0.1525008594
    0.1520626366
    0.1516269251
    0.1511937034
    0.1507629503
    0.1503346446
    0.1499087656
    0.1494852928
    0.1490642058
    0.1486454844
    0.1482291088
    0.1478150594
    0.1474033168
    0.1469938615
    0.1465866748
    0.1461817378
    0.1457790318
    0.1453785385
    0.1449802398
    0.1445841175
    0.1441901540
    0.1437983317
    0.1434086330
    0.1430210408
    0.1426355381
    0.1422521081
    0.1418707340
    0.1414913993
    0.1411140878
    0.1407387832
    0.1403654697
    0.1399941314
    0.1396247527
    0.1392573182
    0.1388918124
    0.1385282203
    0.1381665268
    0.1378067172
    0.1374487768
    0.1370926910
    0.1367384454
    0.1363860258
    0.1360354182
    0.1356866086
    0.1353395832
    0.1349943284
    0.1346508306
    0.1343090764
    0.1339690527
    0.1336307463
    0.1332941442
    0.1329592335
    0.1326260017
    0.1322944360
    0.1319645240
    0.1316362533
    0.1313096119
    0.1309845874
    0.1306611680
    0.1303393419
    0.1300190972
    0.1297004223
    0.1293833058
    0.1290677361
    0.1287537021
    0.1284411926
    0.1281301964
    0.1278207026
    0.1275127004
    0.1272061789
    0.1269011276
    0.1265975359
    0.1262953932
    0.1259946894
    0.1256954141
    0.1253975572
    0.1251011086
    0.1248060583
    0.1245123965
    0.1242201134
    0.1239291993
    0.1236396446
    0.1233514399
    0.1230645756
    0.1227790425
    0.1224948313
    0.1222119328
    0.1219303381
    0.1216500380
    0.1213710237
    0.1210932864
    0.1208168173
    0.1205416077
    0.1202676491
    0.1199949329
    0.1197234507
    0.1194531942
    0.1191841550
    0.1189163251
    0.1186496961
    0.1183842602
    0.1181200092
    0.1178569353
    0.1175950306
