  -64.7473243181
  836.6181715838
  390.3387216168
  244.2157015983
  172.7746350483
  130.8666631944
  103.5007119816
   84.3144168320
   70.1711293409
   59.3558104661
   50.8546690699
   44.0300598057
   38.4599806131
   33.8530858847
   30.0010283223
   26.7503846130
   23.9853836417
   21.6168674145
   19.5749978196
   17.8042961640
   16.2601793275
   14.9064804575
   13.7136323064
   12.6573069269
   11.7173773624
   10.8771122576
   10.1225430316
    9.4419616061
    8.8255185972
    8.2648998015
    7.7530642594
    7.2840310719
    6.8527050218
    6.4547332307
    6.0863867656
    5.7444624122
    5.4262008520
    5.1292182646
    4.8514489926
    4.5910973716
    4.3465971967
    4.1165775763
    3.8998341441
    3.6953047763
    3.5020490989
    3.3192311862
    3.1461049441
    2.9820017510
    2.8263199978
    2.6785162222
    2.5380975824
    2.4046154563
    2.2776599852
    2.1568554139
    2.0418560987
    1.9323430813
    1.8280211387
    1.7286162385
    1.6338733353
    1.5435544606
    1.4574370608
    1.3753125476
    1.2969850317
    1.2222702117
    1.1509943983
    1.0829936538
    1.0181130320
    0.9562059032
    0.8971333544
    0.8407636536
    0.7869717691
    0.7356389379
    0.6866522749
    0.6399044193
    0.5952932117
    0.5527213988
    0.5120963630
    0.4733298718
    0.4363378468
    0.4010401484
    0.3673603756
    0.3352256782
    0.3045665813
    0.2753168200
    0.2474131834
    0.2207953676
    0.1954058370
    0.1711896921
    0.1480945448
    0.1260703998
    0.1050695420
    0.0850464294
    0.0659575912
    0.0477615308
    0.0304186333
    0.0138910781
   -0.0018572452
   -0.0168608164
   -0.0311525608
   -0.0447639215
   -0.0577249281
   -0.0700642629
   -0.0818093229
   -0.0929862799
   -0.1036201368
   -0.1137347821
   -0.1233530412
   -0.1324967254
   -0.1411866788
   -0.1494428226
   -0.1572841976
   -0.1647290045
   -0.1717946424
   -0.1784977452
   -0.1848542165
   -0.1908792631
   -0.1965874262
   -0.2019926115
   -0.2071081182
   -0.2119466660
   -0.2165204213
   -0.2208410217
   -0.2249195999
   -0.2287668061
   -0.2323928295
   -0.2358074184
   -0.2390199001
   -0.2420391993
   -0.2448738556
   -0.2475320409
   -0.2500215748
   -0.2523499408
   -0.2545243001
   -0.2565515062
   -0.2584381182
   -0.2601904130
   -0.2618143984
   -0.2633158239
   -0.2647001923
   -0.2659727701
   -0.2671385977
   -0.2682024992
   -0.2691690914
   -0.2700427932
   -0.2708278332
   -0.2715282589
   -0.2721479436
   -0.2726905941
   -0.2731597580
   -0.2735588302
   -0.2738910595
   -0.2741595549
   -0.2743672917
   -0.2745171168
   -0.2746117545
   -0.2746538117
   -0.2746457827
   -0.2745900543
   -0.2744889101
   -0.2743445353
   -0.2741590204
   -0.2739343658
   -0.2736724851
   -0.2733752093
   -0.2730442900
   -0.2726814030
   -0.2722881517
   -0.2718660696
   -0.2714166242
   -0.2709412189
   -0.2704411965
   -0.2699178414
   -0.2693723824
   -0.2688059947
   -0.2682198027
   -0.2676148817
   -0.2669922606
   -0.2663529232
   -0.2656978107
   -0.2650278235
   -0.2643438225
   -0.2636466314
   -0.2629370379
   -0.2622157955
   -0.2614836247
   -0.2607412148
   -0.2599892250
   -0.2592282857
   -0.2584589998
   -0.2576819438
   -0.2568976691
   -0.2561067031
   -0.2553095500
   -0.2545066918
   -0.2536985898
   -0.2528856845
   -0.2520683976
   -0.2512471319
   -0.2504222726
   -0.2495941880
   -0.2487632300
   -0.2479297350
   -0.2470940246
   -0.2462564059
   -0.2454171726
   -0.2445766052
   -0.2437349715
   -0.2428925277
   -0.2420495180
   -0.2412061759
   -0.2403627243
   -0.2395193759
   -0.2386763338
   -0.2378337917
   -0.2369919345
   -0.2361509383
   -0.2353109714
   -0.2344721940
   -0.2336347588
   -0.2327988112
   -0.2319644898
   -0.2311319265
   -0.2303012469
   -0.2294725704
   -0.2286460104
   -0.2278216749
   -0.2269996664
   -0.2261800822
   -0.2253630145
   -0.2245485511
   -0.2237367746
   -0.2229277638
   -0.2221215929
   -0.2213183321
   -0.2205180477
   -0.2197208024
   -0.2189266550
   -0.2181356612
   -0.2173478730
   -0.2165633395
   -0.2157821067
   -0.2150042174
   -0.2142297120
   -0.2134586277
   -0.2126909994
   -0.2119268596
   -0.2111662380
   -0.2104091622
   -0.2096556578
   -0.2089057479
   -0.2081594537
   -0.2074167945
   -0.2066777876
   -0.2059424485
   -0.2052107911
   -0.2044828276
   -0.2037585683
   -0.2030380224
   -0.2023211973
   -0.2016080992
   -0.2008987329
   -0.2001931017
   -0.1994912079
   -0.1987930525
   -0.1980986354
   -0.1974079554
   -0.1967210103
   -0.1960377967
   -0.1953583105
   -0.1946825465
   -0.1940104987
   -0.1933421603
   -0.1926775236
   -0.1920165802
   -0.1913593211
   -0.1907057363
   -0.1900558155
   -0.1894095474
   -0.1887669204
   -0.1881279222
   -0.1874925399
   -0.1868607604
   -0.1862325697
   -0.1856079535
   -0.1849868972
   -0.1843693856
   -0.1837554032
   -0.1831449341
   -0.1825379621
   -0.1819344706
   -0.1813344428
   -0.1807378615
   -0.1801447093
   -0.1795549684
   -0.1789686211
   -0.1783856491
   -0.1778060342
   -0.1772297577
   -0.1766568011
   -0.1760871454
   -0.1755207717
   -0.1749576609
   -0.1743977936
   -0.1738411505
   -0.1732877122
   -0.1727374591
   -0.1721903717
   -0.1716464301
   -0.1711056147
   -0.1705679057
   -0.1700332833
   -0.1695017275
   -0.1689732187
   -0.1684477368
   -0.1679252619
   -0.1674057743
   -0.1668892539
   -0.1663756811
   -0.1658650358
   -0.1653572983
   -0.1648524489
   -0.1643504677
   -0.1638513352
   -0.1633550316
   -0.1628615373
   -0.1623708329
   -0.1618828989
   -0.1613977158
   -0.1609152644
   -0.1604355254
   -0.1599584796
   -0.1594841079
   -0.1590123913
   -0.1585433109
   -0.1580768479
   -0.1576129835
   -0.1571516990
   -0.1566929760
   -0.1562367960
   -0.1557831406
   -0.1553319916
   -0.1548833309
   -0.1544371404
   -0.1539934022
   -0.1535520985
   -0.1531132116
   -0.1526767239
   -0.1522426179
   -0.1518108762
   -0.1513814817
   -0.1509544172
   -0.1505296657
   -0.1501072102
   -0.1496870340
   -0.1492691205
   -0.1488534530
   -0.1484400152
   -0.1480287908
   -0.1476197636
   -0.1472129174
   -0.1468082365
   -0.1464057048
   -0.1460053068
   -0.1456070268
   -0.1452108495
   -0.1448167593
   -0.1444247411
   -0.1440347798
   -0.1436468604
   -0.1432609681
   -0.1428770880
   -0.1424952055
   -0.1421153061
   -0.1417373754
   -0.1413613992
   -0.1409873632
   -0.1406152533
   -0.1402450558
   -0.1398767566
   -0.1395103421
   -0.1391457987
   -0.1387831130
   -0.1384222715
   -0.1380632609
   -0.1377060682
   -0.1373506802
   -0.1369970841
   -0.1366452669
   -0.1362952161
   -0.1359469189
   -0.1356003629
   -0.1352555357
   -0.1349124249
   -0.1345710184
   -0.1342313041
   -0.1338932699
   -0.1335569041
   -0.1332221948
   -0.1328891304
   -0.1325576992
   -0.1322278898
   -0.1318996907
   -0.1315730908
   -0.1312480787
   -0.1309246434
   -0.1306027740
   -0.1302824594
   -0.1299636888
   -0.1296464516
   -0.1293307371
   -0.1290165348
   -0.1287038341
   -0.1283926248
   -0.1280828966
   -0.1277746392
   -0.1274678426
   -0.1271624967
   -0.1268585917
   -0.1265561176
   -0.1262550647
   -0.1259554234
   -0.1256571840
   -0.1253603370
   -0.1250648730
   -0.1247707827
   -0.1244780566
   -0.1241866858
   -0.1238966609
   -0.1236079731
   -0.1233206133
   -0.1230345726
   -0.1227498422
   -0.1224664134
   -0.1221842775
   -0.1219034259
   -0.1216238501
   -0.1213455417
   -0.1210684922
   -0.1207926933
   -0.1205181369
   -0.1202448147
   -0.1199727186
   -0.1197018406
   -0.1194321727
   -0.1191637070
   -0.1188964357
   -0.1186303510
   -0.1183654452
   -0.1181017107
   -0.1178391398
   -0.1175777251
