   -5.3749136765
  153.3879071989
   74.0382362134
   47.6207206886
   34.4446123706
   26.5701570902
   21.3496330624
   17.6475056000
   14.8954480228
   12.7773132907
   11.1031077684
    9.7517026160
    8.6421847752
    7.7184235614
    6.9402446844
    6.2781295411
    5.7098990169
    5.2185656893
    4.7909005392
    4.4164510724
    4.0868528760
    3.7953368203
    3.5363697298
    3.3053880186
    3.0985973115
    2.9128197042
    2.7453759447
    2.5939935637
    2.4567345251
    2.3319377197
    2.2181728641
    2.1142032418
    2.0189553646
    1.9314940917
    1.8510020925
    1.7767627904
    1.7081461188
    1.6445965639
    1.5856230811
    1.5307905528
    1.4797125257
    1.4320450107
    1.3874811739
    1.3457467745
    1.3065962330
    1.2698092329
    1.2351877752
    1.2025536174
    1.1717460431
    1.1426199121
    1.1150439535
    1.0888992674
    1.0640780058
    1.0404822108
    1.0180227872
    0.9966185936
    0.9761956361
    0.9566863528
    0.9380289764
    0.9201669667
    0.9030485047
    0.8866260396
    0.8708558848
    0.8556978554
    0.8411149430
    0.8270730250
    0.8135406018
    0.8004885619
    0.7878899696
    0.7757198736
    0.7639551353
    0.7525742726
    0.7415573193
    0.7308856980
    0.7205421045
    0.7105104037
    0.7007755344
    0.6913234233
    0.6821409068
    0.6732156591
    0.6645361283
    0.6560914760
    0.6478715241
    0.6398667049
    0.6320680162
    0.6244669795
    0.6170556029
    0.6098263454
    0.6027720858
    0.5958860929
    0.5891619988
    0.5825937741
    0.5761757051
    0.5699023726
    0.5637686329
    0.5577695993
    0.5519006264
    0.5461572940
    0.5405353934
    0.5350309146
    0.5296400334
    0.5243591009
    0.5191846328
    0.5141132996
    0.5091419180
    0.5042674421
    0.4994869558
    0.4947976658
    0.4901968946
    0.4856820740
    0.4812507399
    0.4769005262
    0.4726291597
    0.4684344559
    0.4643143137
    0.4602667118
    0.4562897047
    0.4523814184
    0.4485400478
    0.4447638528
    0.4410511556
    0.4374003374
    0.4338098360
    0.4302781434
    0.4268038029
    0.4233854070
    0.4200215955
    0.4167110531
    0.4134525076
    0.4102447282
    0.4070865237
    0.4039767405
    0.4009142619
    0.3978980056
    0.3949269230
    0.3919999977
    0.3891162440
    0.3862747061
    0.3834744567
    0.3807145958
    0.3779942500
    0.3753125712
    0.3726687358
    0.3700619438
    0.3674914179
    0.3649564026
    0.3624561638
    0.3599899874
    0.3575571791
    0.3551570636
    0.3527889839
    0.3504523005
    0.3481463912
    0.3458706501
    0.3436244874
    0.3414073285
    0.3392186139
    0.3370577984
    0.3349243507
    0.3328177532
    0.3307375012
    0.3286831026
    0.3266540777
    0.3246499584
    0.3226702885
    0.3207146225
    0.3187825260
    0.3168735749
    0.3149873555
    0.3131234635
    0.3112815046
    0.3094610936
    0.3076618541
    0.3058834188
    0.3041254287
    0.3023875328
    0.3006693886
    0.2989706609
    0.2972910223
    0.2956301528
    0.2939877392
    0.2923634755
    0.2907570625
    0.2891682073
    0.2875966237
    0.2860420312
    0.2845041560
    0.2829827296
    0.2814774895
    0.2799881787
    0.2785145456
    0.2770563439
    0.2756133325
    0.2741852751
    0.2727719406
    0.2713731022
    0.2699885382
    0.2686180312
    0.2672613680
    0.2659183400
    0.2645887426
    0.2632723753
    0.2619690417
    0.2606785490
    0.2594007085
    0.2581353350
    0.2568822468
    0.2556412660
    0.2544122179
    0.2531949312
    0.2519892378
    0.2507949730
    0.2496119750
    0.2484400851
    0.2472791475
    0.2461290095
    0.2449895210
    0.2438605348
    0.2427419064
    0.2416334938
    0.2405351579
    0.2394467617
    0.2383681709
    0.2372992537
    0.2362398805
    0.2351899240
    0.2341492592
    0.2331177633
    0.2320953156
    0.2310817977
    0.2300770931
    0.2290810872
    0.2280936677
    0.2271147239
    0.2261441472
    0.2251818307
    0.2242276695
    0.2232815603
    0.2223434017
    0.2214130938
    0.2204905385
    0.2195756393
    0.2186683013
    0.2177684311
    0.2168759369
    0.2159907284
    0.2151127167
    0.2142418145
    0.2133779357
    0.2125209957
    0.2116709113
    0.2108276004
    0.2099909825
    0.2091609782
    0.2083375094
    0.2075204992
    0.2067098719
    0.2059055529
    0.2051074691
    0.2043155480
    0.2035297187
    0.2027499111
    0.2019760561
    0.2012080861
    0.2004459340
    0.1996895340
    0.1989388212
    0.1981937318
    0.1974542027
    0.1967201720
    0.1959915786
    0.1952683622
    0.1945504637
    0.1938378244
    0.1931303869
    0.1924280944
    0.1917308910
    0.1910387216
    0.1903515318
    0.1896692681
    0.1889918777
    0.1883193086
    0.1876515095
    0.1869884299
    0.1863300198
    0.1856762301
    0.1850270124
    0.1843823189
    0.1837421024
    0.1831063165
    0.1824749153
    0.1818478536
    0.1812250869
    0.1806065711
    0.1799922630
    0.1793821196
    0.1787760989
    0.1781741590
    0.1775762591
    0.1769823585
    0.1763924172
    0.1758063958
    0.1752242553
    0.1746459574
    0.1740714640
    0.1735007378
    0.1729337419
    0.1723704397
    0.1718107953
    0.1712547733
    0.1707023384
    0.1701534562
    0.1696080925
    0.1690662136
    0.1685277860
    0.1679927771
    0.1674611543
    0.1669328856
    0.1664079394
    0.1658862843
    0.1653678896
    0.1648527248
    0.1643407597
    0.1638319647
    0.1633263105
    0.1628237679
    0.1623243084
    0.1618279037
    0.1613345259
    0.1608441473
    0.1603567408
    0.1598722792
    0.1593907362
    0.1589120852
    0.1584363005
    0.1579633562
    0.1574932271
    0.1570258881
    0.1565613144
    0.1560994815
    0.1556403653
    0.1551839419
    0.1547301876
    0.1542790792
    0.1538305934
    0.1533847075
    0.1529413991
    0.1525006457
    0.1520624254
    0.1516267164
    0.1511934971
    0.1507627463
    0.1503344430
    0.1499085663
    0.1494850958
    0.1490640109
    0.1486452917
    0.1482289183
    0.1478148710
    0.1474031303
    0.1469936771
    0.1465864924
    0.1461815572
    0.1457788532
    0.1453783618
    0.1449800648
    0.1445839444
    0.1441899826
    0.1437981619
    0.1434084650
    0.1430208745
    0.1426353734
    0.1422519449
    0.1418705724
    0.1414912392
    0.1411139292
    0.1407386261
    0.1403653141
    0.1399939772
    0.1396245999
    0.1392571667
    0.1388916623
    0.1385280715
    0.1381663793
    0.1378065710
    0.1374486318
    0.1370925472
    0.1367383029
    0.1363858845
    0.1360352781
    0.1356864696
    0.1353394454
    0.1349941916
    0.1346506949
    0.1343089419
    0.1339689192
    0.1336306138
    0.1332940127
    0.1329591031
    0.1326258722
    0.1322943075
    0.1319643964
    0.1316361268
    0.1313094862
    0.1309844627
    0.1306610442
    0.1303392190
    0.1300189751
    0.1297003011
    0.1293831855
    0.1290676167
    0.1287535835
    0.1284410748
    0.1281300794
    0.1278205864
    0.1275125850
    0.1272060643
    0.1269010138
    0.1265974228
    0.1262952809
    0.1259945779
    0.1256953033
    0.1253974471
    0.1251009992
    0.1248059497
    0.1245122886
    0.1242200062
    0.1239290928
    0.1236395388
    0.1233513347
    0.1230644711
    0.1227789387
    0.1224947282
    0.1222118304
    0.1219302363
    0.1216499369
    0.1213709232
    0.1210931865
    0.1208167180
    0.1205415091
    0.1202675511
    0.1199948355
    0.1197233540
    0.1194530981
    0.1191840596
    0.1189162302
    0.1186496019
    0.1183841665
    0.1181199161
    0.1178568428
    0.1175949387
