 -176.1782487741
 1687.8839140910
  778.0947002103
  481.9945396414
  337.0599977505
  251.9692496317
  196.6670941823
  158.3153588513
  130.4617117438
  109.4954335301
   93.2438117135
   80.3320282989
   69.8575274918
   61.2101097953
   53.9665443088
   47.8262236517
   42.5706454943
   38.0372902626
   34.1024820841
   30.6699937240
   27.6633841446
   25.0207855122
   22.6913082839
   20.6325219405
   18.8086562837
   17.1892901781
   15.7483740508
   14.4634842792
   13.3152414903
   12.2868470618
   11.3637067751
   10.5331202593
    9.7840212829
    9.1067582202
    8.4929068967
    7.9351099775
    7.4269384340
    6.9627715959
    6.5376930072
    6.1473998311
    5.7881239494
    5.4565632023
    5.1498214581
    4.8653563848
    4.6009339510
    4.3545888061
    4.1245897987
    3.9094099771
    3.7077005006
    3.5182679565
    3.3400546398
    3.1721214101
    3.0136327851
    2.8638439783
    2.7220896231
    2.5877739613
    2.4603623030
    2.3393735899
    2.2243739187
    2.1149708971
    2.0108087245
    1.9115639030
    1.8169414962
    1.7266718646
    1.6405078159
    1.5582221160
    1.4796053136
    1.4044638378
    1.3326183334
    1.2639022020
    1.1981603232
    1.1352479315
    1.0750296287
    1.0173785149
    0.9621754215
    0.9093082340
    0.8586712926
    0.8101648600
    0.7636946487
    0.7191713999
    0.6765105069
    0.6356316786
    0.5964586363
    0.5589188421
    0.5229432524
    0.4884660958
    0.4554246705
    0.4237591608
    0.3934124687
    0.3643300600
    0.3364598232
    0.3097519391
    0.2841587605
    0.2596347011
    0.2361361316
    0.2136212840
    0.1920501612
    0.1713844531
    0.1515874579
    0.1326240080
    0.1144603999
    0.0970643290
    0.0804048267
    0.0644522025
    0.0491779874
    0.0345548815
    0.0205567035
    0.0071583428
   -0.0056642858
   -0.0179342857
   -0.0296738197
   -0.0409041500
   -0.0516456752
   -0.0619179672
   -0.0717398051
   -0.0811292081
   -0.0901034678
   -0.0986791774
   -0.1068722615
   -0.1146980031
   -0.1221710706
   -0.1293055429
   -0.1361149335
   -0.1426122144
   -0.1488098380
   -0.1547197583
   -0.1603534520
   -0.1657219373
   -0.1708357933
   -0.1757051779
   -0.1803398448
   -0.1847491602
   -0.1889421188
   -0.1929273586
   -0.1967131756
   -0.2003075378
   -0.2037180985
   -0.2069522089
   -0.2100169306
   -0.2129190472
   -0.2156650755
   -0.2182612763
   -0.2207136646
   -0.2230280198
   -0.2252098947
   -0.2272646251
   -0.2291973379
   -0.2310129598
   -0.2327162254
   -0.2343116844
   -0.2358037093
   -0.2371965023
   -0.2384941020
   -0.2397003898
   -0.2408190963
   -0.2418538072
   -0.2428079686
   -0.2436848930
   -0.2444877643
   -0.2452196425
   -0.2458834694
   -0.2464820720
   -0.2470181681
   -0.2474943699
   -0.2479131880
   -0.2482770360
   -0.2485882334
   -0.2488490099
   -0.2490615085
   -0.2492277892
   -0.2493498316
   -0.2494295385
   -0.2494687388
   -0.2494691901
   -0.2494325817
   -0.2493605370
   -0.2492546161
   -0.2491163184
   -0.2489470847
   -0.2487482994
   -0.2485212931
   -0.2482673441
   -0.2479876807
   -0.2476834831
   -0.2473558853
   -0.2470059766
   -0.2466348038
   -0.2462433721
   -0.2458326476
   -0.2454035581
   -0.2449569947
   -0.2444938135
   -0.2440148368
   -0.2435208541
   -0.2430126238
   -0.2424908744
   -0.2419563050
   -0.2414095874
   -0.2408513664
   -0.2402822610
   -0.2397028658
   -0.2391137515
   -0.2385154658
   -0.2379085348
   -0.2372934631
   -0.2366707353
   -0.2360408165
   -0.2354041530
   -0.2347611729
   -0.2341122872
   -0.2334578904
   -0.2327983606
   -0.2321340608
   -0.2314653393
   -0.2307925299
   -0.2301159530
   -0.2294359158
   -0.2287527129
   -0.2280666268
   -0.2273779282
   -0.2266868770
   -0.2259937219
   -0.2252987015
   -0.2246020444
   -0.2239039698
   -0.2232046875
   -0.2225043985
   -0.2218032956
   -0.2211015632
   -0.2203993780
   -0.2196969089
   -0.2189943180
   -0.2182917602
   -0.2175893837
   -0.2168873304
   -0.2161857360
   -0.2154847301
   -0.2147844368
   -0.2140849747
   -0.2133864570
   -0.2126889920
   -0.2119926830
   -0.2112976288
   -0.2106039234
   -0.2099116567
   -0.2092209144
   -0.2085317782
   -0.2078443259
   -0.2071586317
   -0.2064747661
   -0.2057927964
   -0.2051127863
   -0.2044347968
   -0.2037588853
   -0.2030851067
   -0.2024135129
   -0.2017441532
   -0.2010770742
   -0.2004123200
   -0.1997499325
   -0.1990899509
   -0.1984324125
   -0.1977773524
   -0.1971248035
   -0.1964747970
   -0.1958273618
   -0.1951825252
   -0.1945403129
   -0.1939007486
   -0.1932638545
   -0.1926296512
   -0.1919981579
   -0.1913693923
   -0.1907433705
   -0.1901201076
   -0.1894996172
   -0.1888819118
   -0.1882670024
   -0.1876548993
   -0.1870456113
   -0.1864391465
   -0.1858355116
   -0.1852347127
   -0.1846367546
   -0.1840416415
   -0.1834493766
   -0.1828599623
   -0.1822734001
   -0.1816896908
   -0.1811088346
   -0.1805308308
   -0.1799556781
   -0.1793833745
   -0.1788139175
   -0.1782473038
   -0.1776835298
   -0.1771225911
   -0.1765644828
   -0.1760091996
   -0.1754567358
   -0.1749070850
   -0.1743602405
   -0.1738161952
   -0.1732749415
   -0.1727364714
   -0.1722007768
   -0.1716678488
   -0.1711376786
   -0.1706102567
   -0.1700855737
   -0.1695636196
   -0.1690443841
   -0.1685278570
   -0.1680140274
   -0.1675028845
   -0.1669944170
   -0.1664886137
   -0.1659854630
   -0.1654849531
   -0.1649870721
   -0.1644918079
   -0.1639991482
   -0.1635090807
   -0.1630215928
   -0.1625366718
   -0.1620543049
   -0.1615744793
   -0.1610971818
   -0.1606223995
   -0.1601501191
   -0.1596803273
   -0.1592130108
   -0.1587481561
   -0.1582857498
   -0.1578257783
   -0.1573682280
   -0.1569130853
   -0.1564603366
   -0.1560099680
   -0.1555619659
   -0.1551163165
   -0.1546730061
   -0.1542320208
   -0.1537933469
   -0.1533569705
   -0.1529228779
   -0.1524910553
   -0.1520614887
   -0.1516341646
   -0.1512090691
   -0.1507861884
   -0.1503655089
   -0.1499470168
   -0.1495306985
   -0.1491165403
   -0.1487045286
   -0.1482946498
   -0.1478868904
   -0.1474812368
   -0.1470776757
   -0.1466761935
   -0.1462767771
   -0.1458794129
   -0.1454840878
   -0.1450907885
   -0.1446995018
   -0.1443102148
   -0.1439229142
   -0.1435375872
   -0.1431542207
   -0.1427728020
   -0.1423933182
   -0.1420157565
   -0.1416401043
   -0.1412663490
   -0.1408944780
   -0.1405244788
   -0.1401563390
   -0.1397900463
   -0.1394255884
   -0.1390629530
   -0.1387021282
   -0.1383431017
   -0.1379858616
   -0.1376303960
   -0.1372766930
   -0.1369247409
   -0.1365745280
   -0.1362260426
   -0.1358792731
   -0.1355342082
   -0.1351908364
   -0.1348491464
   -0.1345091269
   -0.1341707668
   -0.1338340549
   -0.1334989803
   -0.1331655319
   -0.1328336989
   -0.1325034706
   -0.1321748361
   -0.1318477848
   -0.1315223062
   -0.1311983898
   -0.1308760250
   -0.1305552017
   -0.1302359094
   -0.1299181381
   -0.1296018775
   -0.1292871176
   -0.1289738485
   -0.1286620602
   -0.1283517429
   -0.1280428868
   -0.1277354822
   -0.1274295196
   -0.1271249894
   -0.1268218821
   -0.1265201883
   -0.1262198986
   -0.1259210039
   -0.1256234949
   -0.1253273625
   -0.1250325977
   -0.1247391914
   -0.1244471348
   -0.1241564190
   -0.1238670352
   -0.1235789747
   -0.1232922290
   -0.1230067893
   -0.1227226472
   -0.1224397942
   -0.1221582221
   -0.1218779223
   -0.1215988868
   -0.1213211073
   -0.1210445757
   -0.1207692839
   -0.1204952239
   -0.1202223879
   -0.1199507678
   -0.1196803560
   -0.1194111447
   -0.1191431261
   -0.1188762926
   -0.1186106368
   -0.1183461510
   -0.1180828278
   -0.1178206598
   -0.1175596397
