1.0 -8671.6388484
1.1 -7319.13532779
1.2 -5996.41913434
1.3 -4834.96261763
1.4 -3872.93198998
1.5 -3103.51239978
1.6 -2500.71425034
1.7 -2033.93095862
1.8 -1674.83659994
1.9 -1399.64307602
2.0 -1189.13948084
2.1 -1027.90489235
2.2 -903.67616872
2.3 -806.97263269
2.4 -730.67687411
2.5 -669.57037406
2.6 -619.89688782
2.7 -578.96817654
2.8 -544.83023121
2.9 -516.01546075
3.0 -491.38364692
3.1 -470.03239476
3.2 -451.25108796
3.3 -434.49375837
3.4 -419.35373165
3.5 -405.53490037
3.6 -392.82293434
3.7 -381.0606881
3.8 -370.129367
3.9 -359.93498778
4.0 -350.3991506
4.1 -341.45325038
4.2 -333.03535508
4.3 -325.08899073
4.4 -317.56307677
4.5 -310.41235499
