1.0 -1176.06026876
1.1 -1109.76320393
1.2 -1045.52660051
1.3 -985.78491216
1.4 -930.89130981
1.5 -880.54921069
1.6 -834.35548722
1.7 -791.94502447
1.8 -752.99013547
1.9 -717.18184498
2.0 -684.22635204
2.1 -653.84998732
2.2 -625.803353
2.3 -599.8621871
2.4 -575.82606531
2.5 -553.5161733
2.6 -532.77276629
2.7 -513.45267738
2.8 -495.42715893
2.9 -478.58019942
3.0 -462.80727592
3.1 -448.01438174
3.2 -434.11715387
3.3 -421.03998878
3.4 -408.7151231
3.5 -397.08171894
3.6 -386.08501321
3.7 -375.67557469
3.8 -365.80868206
3.9 -356.44378526
4.0 -347.5441759
4.1 -339.07645445
4.2 -331.01029054
4.3 -323.31807569
4.4 -315.97462603
4.5 -308.95691332
