1.0 -2632.85553781
1.1 -2080.01520437
1.2 -1690.47754518
1.3 -1415.82026824
1.4 -1219.43922342
1.5 -1075.88640963
1.6 -968.05744398
1.7 -884.60243112
1.8 -818.01492165
1.9 -763.32421989
2.0 -717.23574785
2.1 -677.57654025
2.2 -642.90702739
2.3 -612.22959652
2.4 -584.80708376
2.5 -560.07451101
2.6 -537.59356823
2.7 -517.02154855
2.8 -498.08784905
2.9 -480.57632394
3.0 -464.31214074
3.1 -449.15202278
3.2 -434.97704353
3.3 -421.68732026
3.4 -409.19807323
3.5 -397.43662611
3.6 -386.34004308
3.7 -375.85321784
3.8 -365.92732982
3.9 -356.51864231
4.0 -347.58762612
4.1 -339.09836605
4.2 -331.01817536
4.3 -323.3173319
4.4 -315.96886368
4.5 -308.94834013
