1.0 -3023.89357834
1.1 -2547.0996299
1.2 -2122.41209796
1.3 -1774.23865093
1.4 -1499.94036978
1.5 -1287.52126343
1.6 -1123.75606816
1.7 -997.17136268
1.8 -898.58308525
1.9 -820.79834949
2.0 -758.30825579
2.1 -707.06440675
2.2 -664.1928652
2.3 -627.6791685
2.4 -596.09487456
2.5 -568.38674452
2.6 -543.75290952
2.7 -521.59440178
2.8 -501.47656998
2.9 -483.07886767
3.0 -466.15408187
3.1 -450.50463598
3.2 -435.96963087
3.3 -422.41668975
3.4 -409.73599039
3.5 -397.8356005
3.6 -386.63779765
3.7 -376.07619802
3.8 -366.09354726
3.9 -356.6400367
4.0 -347.67202049
4.1 -339.15102414
4.2 -331.04295538
4.3 -323.31745229
4.4 -315.94733067
4.5 -308.90811507
