1.0 -172.78164276
1.1 -418.21313783
1.2 -564.27479395
1.3 -646.66616495
1.4 -688.78003454
1.5 -705.59542243
1.6 -706.60509553
1.7 -697.83310525
1.8 -683.13045634
1.9 -664.97854244
2.0 -644.98586326
2.1 -624.19691173
2.2 -603.28731383
2.3 -582.68934209
2.4 -562.67352296
2.5 -543.40208691
2.6 -524.96430427
2.7 -507.40013398
2.8 -490.71636264
2.9 -474.89787899
3.0 -459.91565902
3.1 -445.73239105
3.2 -432.30638185
3.3 -419.59422225
3.4 -407.5525617
3.5 -396.13922591
3.6 -385.31384208
3.7 -375.03812295
3.8 -365.27596251
3.9 -355.99344974
4.0 -347.15885549
4.1 -338.7426028
4.2 -330.71721666
4.3 -323.05724882
4.4 -315.73912447
4.5 -308.7412442
