1.0 -538.66523036
1.1 -686.53903602
1.2 -758.56224212
1.3 -787.22238864
1.4 -790.95499317
1.5 -780.37572679
1.6 -761.71731176
1.7 -738.70946613
1.8 -713.61647571
1.9 -687.82151765
2.0 -662.16642422
2.1 -637.15611457
2.2 -613.08423514
2.3 -590.11040543
2.4 -568.30763442
2.5 -547.69218539
2.6 -528.2434738
2.7 -509.91803854
2.8 -492.65946793
2.9 -476.4052226
3.0 -461.09105911
3.1 -446.65371736
3.2 -433.03244466
3.3 -420.16978114
3.4 -408.01188946
3.5 -396.50861448
3.6 -385.6133969
3.7 -375.28312156
3.8 -365.47794406
3.9 -356.16111233
4.0 -347.29878385
4.1 -338.85983639
4.2 -330.81567289
4.3 -323.14002504
4.4 -315.80876214
4.5 -308.79971039
