1.0 -6996.91221063
1.1 -6056.80919583
1.2 -5029.19161382
1.3 -4086.61792929
1.4 -3290.5477129
1.5 -2648.9260693
1.6 -2146.16060762
1.7 -1758.71675224
1.8 -1462.74855022
1.9 -1237.30304578
2.0 -1065.26312664
2.1 -933.23728108
2.2 -831.02354249
2.3 -750.97715123
2.4 -687.43044269
2.5 -636.2105202
2.6 -594.25658707
2.7 -559.32514232
2.8 -529.76856912
2.9 -504.37229974
3.0 -482.23645143
3.1 -462.69003781
3.2 -445.22881854
3.3 -429.47036804
3.4 -415.12166987
3.5 -401.95576491
3.6 -389.79489052
3.7 -378.49825397
3.8 -367.9530991
3.9 -358.06811824
4.0 -348.76854589
4.1 -339.99246888
4.2 -331.68803567
4.3 -323.81133654
4.4 -316.32478882
4.5 -309.19590416
