1.0 -5456.05896247
1.1 -4297.40770972
1.2 -3362.13734427
1.3 -2644.71221091
1.4 -2108.75486374
1.5 -1713.17234931
1.6 -1422.11260291
1.7 -1207.26947634
1.8 -1047.34573051
1.9 -926.75523139
2.0 -834.2957882
2.1 -762.01569346
2.2 -704.3120102
2.3 -657.24809388
2.4 -618.05745939
2.5 -584.79010946
2.6 -556.06205326
2.7 -530.87989264
2.8 -508.52034189
2.9 -488.44867268
3.0 -470.26339108
3.1 -453.65823343
3.2 -438.39574594
3.3 -424.28874612
3.4 -411.1871829
3.5 -398.9687438
3.6 -387.53214753
3.7 -376.79238798
3.8 -366.67737272
3.9 -357.12553242
4.0 -348.08404221
4.1 -339.50742866
4.2 -331.35640082
4.3 -323.59684406
4.4 -316.19894484
4.5 -309.13644268
