1.0 -3227.55302714
1.1 -2684.98278093
1.2 -2235.53473799
1.3 -1871.899276
1.4 -1583.1487213
1.5 -1356.50663547
1.6 -1179.46753514
1.7 -1041.14050625
1.8 -932.64124265
1.9 -846.85986815
2.0 -778.15069137
2.1 -722.16381073
2.2 -675.67524146
2.3 -636.36571584
2.4 -602.60218972
2.5 -573.22987814
2.6 -547.37858673
2.7 -524.35084853
2.8 -503.60205523
2.9 -484.72911548
3.0 -467.43534508
3.1 -451.49474999
3.2 -436.72862235
3.3 -422.99200735
3.4 -410.16544781
3.5 -398.14938423
3.6 -386.86003745
3.7 -376.22626278
3.8 -366.18710568
3.9 -356.54193122
4.0 -347.56391212
4.1 -339.03885775
4.2 -330.93110899
4.3 -323.20893115
4.4 -315.84396478
4.5 -308.81079259
